,NA19129,HG02611,NA20314,NA18873,HG02976,NA20127,NA19327,HG02943,HG03039,HG03511,HG01992,HG01390,HG01148,HG01055,HG02253,HG01939,HG00739,HG02006,HG00551,NA19723,HG00983,NA18553,HG00607,HG02139,HG02116,HG02178,HG02138,HG02017,HG00584,HG02189,HG00137,NA20795,HG01789,NA20762,HG00141,NA20787,HG01680,HG00149,NA20757,HG00367,HG03929,HG03686,HG03687,HG03977,NA21113,HG03709,HG01589,NA20866,NA21101,HG03786
NA19129,0.0,6247.0,8375.0,6199.5,7734.5,10669.0,8891.0,6578.5,6504.5,7968.0,8028.5,3644.0,12622.0,3996.0,6087.0,7611.0,6064.0,5335.5,6048.5,6188.0,7817.0,7596.0,8421.0,6028.5,4721.0,8241.0,1985.5,9086.5,14021.0,7776.0,1621.5,6674.0,5765.0,12042.5,5809.0,8707.5,7909.5,10645.0,7866.0,8307.0,10700.0,7797.5,8015.5,8255.5,8676.0,7049.5,10289.5,7335.5,5806.0,6728.5
HG02611,6247.0,0.0,11669.0,11514.5,11745.0,7620.0,6853.5,11008.5,12742.0,11702.0,11714.5,18898.0,18528.0,6373.5,12409.0,11574.5,21982.5,10782.0,9139.5,26422.5,11233.0,11157.5,11990.0,11729.5,7098.0,11155.0,12320.0,12242.5,29666.5,12323.5,7143.5,10236.0,22088.0,11618.0,12075.0,12241.0,11835.0,1574.5,11694.0,12124.0,16159.0,12054.0,11424.0,11700.0,11933.5,10683.5,21438.0,11494.5,11037.0,11064.0
NA20314,8375.0,11669.0,0.0,1539.0,1495.0,13394.0,2578.5,1078.5,1893.5,3345.0,2152.0,6227.5,10778.0,10167.5,2369.5,5441.5,3046.0,1294.5,9946.5,6268.5,6345.0,7262.5,1926.5,1660.0,7409.0,1752.5,5710.0,2821.5,1340.5,11203.5,5443.5,1123.5,2079.5,2213.5,4046.5,1736.5,2093.5,12854.5,2204.0,6106.0,1365.5,2150.5,1792.0,2674.5,2346.5,1315.5,9915.5,1730.0,1606.5,1538.5
NA18873,6199.5,11514.5,1539.0,0.0,2064.0,11369.0,2379.5,920.5,5728.5,2303.5,1334.0,8718.5,8945.5,8557.0,4208.5,3918.0,3168.0,3162.5,9065.5,6823.0,5731.0,5467.0,1251.0,3968.0,7933.0,2622.5,7407.0,2201.5,3196.5,12373.5,6208.0,1682.0,2944.5,1225.0,3805.5,1560.0,1637.5,13122.5,2080.5,3268.0,1330.0,1709.5,1734.0,1564.0,1671.0,1262.5,7523.5,1934.0,6452.0,2641.5
HG02976,7734.5,11745.0,1495.0,2064.0,0.0,14608.0,4313.0,1181.0,2156.5,4340.5,2627.0,6274.5,9122.5,8826.5,2172.5,4139.5,3805.5,2362.5,8770.5,9627.0,10425.5,5933.0,2336.0,2311.0,8977.5,4578.0,5910.5,3709.0,8140.0,12407.5,6250.5,2853.5,2101.0,2538.0,1505.5,3674.0,3577.0,16775.0,2794.5,4248.0,2877.0,3285.0,2807.0,2897.5,3009.0,2642.5,11815.5,2741.5,6306.5,1785.0
NA20127,10669.0,7620.0,13394.0,11369.0,14608.0,0.0,5930.0,13001.5,10924.0,13329.5,11132.5,7700.0,20460.5,12192.0,13286.0,15758.0,13494.0,12817.0,11210.5,12269.5,17051.0,18196.5,11729.0,12034.5,7788.5,12211.0,7326.0,13378.0,13100.0,3370.0,6414.5,12250.5,13662.5,12147.5,13540.5,11335.0,12247.5,1771.0,12816.0,16479.0,12823.5,12164.0,11415.5,11751.5,13103.0,12606.5,21016.0,10873.5,11900.0,13781.0
NA19327,8891.0,6853.5,2578.5,2379.5,4313.0,5930.0,0.0,2355.0,3778.5,4581.0,3552.0,1203.0,11574.0,6142.5,2872.5,7144.5,3618.0,4436.0,5432.5,2281.5,7866.0,7556.5,4337.5,3271.0,3201.5,2752.5,3323.5,2870.0,4198.5,6281.0,1763.5,2967.5,3335.0,2253.0,4505.0,1979.5,4099.5,5957.5,4738.0,6678.0,2686.0,3572.0,3209.0,3160.5,3629.5,2989.0,10525.0,2759.0,3239.5,2832.0
HG02943,6578.5,11008.5,1078.5,920.5,1181.0,13001.5,2355.0,0.0,1910.5,3510.5,1903.5,5626.0,8810.5,6603.0,2292.0,1972.0,3504.0,1978.5,8644.0,8298.0,2781.0,3544.0,1605.0,2189.5,7852.0,1541.0,14663.5,2187.5,1525.5,11104.5,5643.5,1620.0,2087.5,1827.0,1777.0,1725.0,2223.0,12793.0,2026.0,2127.5,1859.5,2546.5,1750.5,2243.5,2510.0,1983.5,8059.5,1889.0,2101.5,2713.0
HG03039,6504.5,12742.0,1893.5,5728.5,2156.5,10924.0,3778.5,1910.5,0.0,3921.5,2173.5,12105.5,9282.0,6475.5,7265.5,1683.5,12027.0,8097.5,9257.5,11763.5,2808.5,3032.0,2284.5,6688.0,7418.5,2147.0,11319.0,2775.5,1807.0,20027.5,6598.0,3036.0,10567.0,3131.5,4700.5,1809.5,2346.0,13334.0,2176.5,1748.0,2924.5,4077.0,1791.0,2245.5,2479.5,2954.0,9878.0,1784.5,5229.5,2091.0
HG03511,7968.0,11702.0,3345.0,2303.5,4340.5,13329.5,4581.0,3510.5,3921.5,0.0,2631.0,8384.0,11386.5,11091.0,2081.0,7098.0,2518.5,1816.0,10698.5,10072.0,6196.5,7997.5,2823.5,2882.5,8662.0,3458.5,7029.0,4113.0,4814.0,12713.0,7201.5,2101.0,2192.5,2631.0,4871.0,3507.0,3178.5,14418.0,2367.5,7801.5,3284.0,2786.0,3071.5,3119.5,3035.5,3673.0,13790.5,2458.0,3100.0,3454.0
HG01992,8028.5,11714.5,2152.0,1334.0,2627.0,11132.5,3552.0,1903.5,2173.5,2631.0,0.0,6085.5,10216.5,10356.5,4345.0,5659.5,2489.0,2295.5,8419.5,6859.0,6947.5,6484.0,2333.5,2383.5,8075.5,1540.5,6456.0,1662.0,2411.0,10856.5,6744.5,1829.5,5536.5,1324.0,2562.0,1543.0,2447.0,13087.0,1744.0,4675.5,2155.5,1456.0,1762.5,916.5,1855.0,1347.0,10023.0,2013.5,1541.0,1825.5
HG01390,3644.0,18898.0,6227.5,8718.5,6274.5,7700.0,1203.0,5626.0,12105.5,8384.0,6085.5,0.0,13626.5,2363.0,11965.5,6918.5,13376.0,11443.0,3318.0,20588.5,7724.5,8254.0,6441.5,11718.5,3315.5,6555.5,6528.5,6878.0,18947.5,11380.0,4053.0,5921.0,11851.0,5991.5,10560.5,6403.0,6601.5,5993.5,6877.5,6581.5,6470.5,7029.0,6833.5,6500.5,6847.5,6120.0,12535.5,6781.0,6870.0,6289.0
HG01148,12622.0,18528.0,10778.0,8945.5,9122.5,20460.5,11574.0,8810.5,9282.0,11386.5,10216.5,13626.5,0.0,15330.5,8983.5,10584.5,9587.5,9345.0,15841.0,14344.5,12031.0,11582.5,10938.5,9195.0,16925.0,10667.5,12762.5,11161.5,9966.0,17988.5,13685.0,10856.5,8934.5,10815.5,8632.5,10698.5,15655.0,22710.5,10763.5,10859.0,9248.5,11176.0,12166.0,10618.0,11190.0,3356.5,17726.5,10628.5,10486.5,9275.0
HG01055,3996.0,6373.5,10167.5,8557.0,8826.5,12192.0,6142.5,6603.0,6475.5,11091.0,10356.5,2363.0,15330.5,0.0,6306.5,6054.0,6052.0,6225.5,4506.0,1811.5,6383.5,6416.0,11098.5,6354.0,6840.5,10743.0,1813.0,11363.0,6683.0,6931.0,1345.0,9987.5,6192.0,11006.5,7190.5,10267.0,15795.0,13243.5,10273.0,6895.5,9427.0,10591.5,10600.0,10242.0,10499.5,10036.5,16492.5,10590.0,5680.0,6105.0
HG02253,6087.0,12409.0,2369.5,4208.5,2172.5,13286.0,2872.5,2292.0,7265.5,2081.0,4345.0,11965.5,8983.5,6306.5,0.0,5408.0,7389.5,3670.5,9275.0,26462.0,2699.0,2550.5,2371.0,7767.5,8409.5,6592.0,15172.0,5785.0,2695.0,18856.5,7175.0,2390.5,6821.0,2473.5,8375.5,1897.5,10080.0,16870.0,1923.5,5494.0,2418.5,5599.0,6679.5,2011.5,6792.0,2398.5,8872.5,6961.5,9799.5,2459.5
HG01939,7611.0,11574.5,5441.5,3918.0,4139.5,15758.0,7144.5,1972.0,1683.5,7098.0,5659.5,6918.5,10584.5,6054.0,5408.0,0.0,2092.5,2151.5,9016.5,7086.0,2358.5,2118.0,6370.5,1893.0,11585.0,6214.5,5924.0,6743.5,1933.5,11165.5,6107.5,6099.5,7011.0,6901.0,1785.0,5504.0,7110.5,17751.5,5569.0,2043.5,4747.5,6673.0,6305.5,6559.5,6831.5,6065.0,12635.5,5929.5,1744.0,17102.0
HG00739,6064.0,21982.5,3046.0,3168.0,3805.5,13494.0,3618.0,3504.0,12027.0,2518.5,2489.0,13376.0,9587.5,6052.0,7389.5,2092.5,0.0,2029.0,10542.0,8205.0,1416.5,2782.5,3059.5,6694.0,7887.0,4098.5,7810.5,4693.5,15372.0,14314.0,6399.5,1356.5,2422.5,2484.0,9141.0,3467.5,1993.5,13997.0,2375.5,2853.5,4828.5,2332.5,2327.5,2145.5,2000.5,1491.0,9771.5,2439.5,11349.5,2893.0
HG02006,5335.5,10782.0,1294.5,3162.5,2362.5,12817.0,4436.0,1978.5,8097.5,1816.0,2295.5,11443.0,9345.0,6225.5,3670.5,2151.5,2029.0,0.0,8932.5,5810.0,1645.5,1003.0,2542.0,3174.5,8376.5,2645.0,7849.0,2938.5,6556.0,12546.0,6042.5,1125.0,2674.0,2436.5,3220.0,2127.0,2307.5,13420.5,2381.0,2663.5,2587.0,1712.5,2782.0,2440.5,2295.0,1364.0,8169.5,2728.0,11879.5,1335.5
HG00551,6048.5,9139.5,9946.5,9065.5,8770.5,11210.5,5432.5,8644.0,9257.5,10698.5,8419.5,3318.0,15841.0,4506.0,9275.0,9016.5,10542.0,8932.5,0.0,4431.0,9845.5,10475.5,8547.5,9404.0,5554.0,10511.0,4918.5,9867.0,9418.0,9017.0,3924.0,8683.0,12896.5,8262.5,8151.0,9798.0,9452.0,11011.5,9221.0,8490.5,9715.5,9034.5,8907.5,8743.0,10525.5,8206.0,10317.0,8916.5,21670.0,8733.5
NA19723,6188.0,26422.5,6268.5,6823.0,9627.0,12269.5,2281.5,8298.0,11763.5,10072.0,6859.0,20588.5,14344.5,1811.5,26462.0,7086.0,8205.0,5810.0,4431.0,0.0,6678.5,8194.0,8842.0,21875.5,3239.0,7262.0,3756.5,7619.5,23565.5,6991.0,11697.0,5992.0,6953.5,7021.5,6709.0,7217.0,6877.0,6755.0,7148.0,7196.5,10538.5,6837.0,7149.0,7119.0,6591.0,5855.0,16755.5,7537.5,6334.5,7021.5
HG00983,7817.0,11233.0,6345.0,5731.0,10425.5,17051.0,7866.0,2781.0,2808.5,6196.5,6947.5,7724.5,12031.0,6383.5,2699.0,2358.5,1416.5,1645.5,9845.5,6678.5,0.0,3635.0,7261.5,1812.0,11305.0,6614.0,12060.5,7114.0,2018.5,11826.5,6586.0,5988.0,1581.0,6940.5,3308.0,6505.0,6489.5,18113.5,6463.0,3183.0,7904.0,6700.5,6257.5,6757.0,6434.0,6005.0,15067.0,6558.0,5065.0,2448.5
NA18553,7596.0,11157.5,7262.5,5467.0,5933.0,18196.5,7556.5,3544.0,3032.0,7997.5,6484.0,8254.0,11582.5,6416.0,2550.5,2118.0,2782.5,1003.0,10475.5,8194.0,3635.0,0.0,7140.0,1678.0,12037.5,8426.5,5409.0,9140.5,5250.5,13292.5,6204.5,5714.5,1757.0,6433.0,2721.5,7540.0,5999.5,17974.5,6620.0,2474.0,4838.0,6804.5,6735.0,6654.0,6720.0,5508.0,13682.0,6713.0,1870.5,3206.0
HG00607,8421.0,11990.0,1926.5,1251.0,2336.0,11729.0,4337.5,1605.0,2284.5,2823.5,2333.5,6441.5,10938.5,11098.5,2371.0,6370.5,3059.5,2542.0,8547.5,8842.0,7261.5,7140.0,0.0,2107.0,8354.5,2575.5,7023.5,2872.0,2352.0,11796.5,6491.0,2509.5,2500.0,1346.0,3964.0,1845.5,4374.0,13648.5,2061.0,5972.5,2043.0,2878.5,3284.5,1432.0,2258.5,1998.0,9699.0,1964.5,3616.0,2188.5
HG02139,6028.5,11729.5,1660.0,3968.0,2311.0,12034.5,3271.0,2189.5,6688.0,2882.5,2383.5,11718.5,9195.0,6354.0,7767.5,1893.0,6694.0,3174.5,9404.0,21875.5,1812.0,1678.0,2107.0,0.0,7715.0,2537.5,9345.5,3011.0,2219.5,16589.5,6349.0,1742.0,6701.5,1996.0,5154.5,1464.0,2341.0,13476.5,1472.0,2305.5,3203.5,2868.5,1701.5,1841.0,1559.0,1802.5,11995.0,1752.5,14125.0,1913.5
HG02116,4721.0,7098.0,7409.0,7933.0,8977.5,7788.5,3201.5,7852.0,7418.5,8662.0,8075.5,3315.5,16925.0,6840.5,8409.5,11585.0,7887.0,8376.5,5554.0,3239.0,11305.0,12037.5,8354.5,7715.0,0.0,7537.0,3257.0,8300.5,7239.5,7711.5,2696.0,7569.5,8035.5,8034.0,10091.5,7514.0,8424.0,9939.0,8131.0,11965.5,8712.5,7926.5,7900.5,8206.5,8263.0,7307.5,17497.0,7427.0,11567.0,8021.5
HG02178,8241.0,11155.0,1752.5,2622.5,4578.0,12211.0,2752.5,1541.0,2147.0,3458.5,1540.5,6555.5,10667.5,10743.0,6592.0,6214.5,4098.5,2645.0,10511.0,7262.0,6614.0,8426.5,2575.5,2537.5,7537.0,0.0,5754.5,1605.5,1560.0,10229.5,6518.5,1856.0,5961.0,2487.0,3538.0,1872.0,3188.5,13050.5,2126.0,6205.0,2328.0,2605.0,1743.0,2093.5,2757.5,2364.5,10422.5,1462.5,2298.5,1691.5
HG02138,1985.5,12320.0,5710.0,7407.0,5910.5,7326.0,3323.5,14663.5,11319.0,7029.0,6456.0,6528.5,12762.5,1813.0,15172.0,5924.0,7810.5,7849.0,4918.5,3756.5,12060.5,5409.0,7023.5,9345.5,3257.0,5754.5,0.0,6875.0,4653.0,8559.5,6465.5,5870.5,7333.5,7044.5,13640.5,6077.5,6956.5,7274.0,6346.5,6000.5,9995.0,7261.0,6328.5,6861.5,6484.0,6220.0,9452.0,6282.5,15883.5,8645.5
HG02017,9086.5,12242.5,2821.5,2201.5,3709.0,13378.0,2870.0,2187.5,2775.5,4113.0,1662.0,6878.0,11161.5,11363.0,5785.0,6743.5,4693.5,2938.5,9867.0,7619.5,7114.0,9140.5,2872.0,3011.0,8300.5,1605.5,6875.0,0.0,2677.5,10514.5,7662.5,2813.5,5147.5,2597.0,4089.5,2524.0,3572.0,14575.5,1871.5,5906.5,3011.5,2966.5,2475.0,2685.5,4502.0,2922.0,7481.5,1638.0,2804.5,2316.0
HG00584,14021.0,29666.5,1340.5,3196.5,8140.0,13100.0,4198.5,1525.5,1807.0,4814.0,2411.0,18947.5,9966.0,6683.0,2695.0,1933.5,15372.0,6556.0,9418.0,23565.5,2018.5,5250.5,2352.0,2219.5,7239.5,1560.0,4653.0,2677.5,0.0,23039.5,5750.5,6081.5,14419.0,6523.0,2376.5,3419.0,2967.5,13411.5,2557.0,18558.0,3067.5,4561.0,1826.0,2562.0,2516.0,3277.0,18023.0,1911.5,1967.0,1941.0
HG02189,7776.0,12323.5,11203.5,12373.5,12407.5,3370.0,6281.0,11104.5,20027.5,12713.0,10856.5,11380.0,17988.5,6931.0,18856.5,11165.5,14314.0,12546.0,9017.0,6991.0,11826.5,13292.5,11796.5,16589.5,7711.5,10229.5,8559.5,10514.5,23039.5,0.0,6446.0,11112.0,16000.5,11594.5,17179.5,11265.0,12426.5,4931.5,11260.0,11342.5,13781.5,11599.0,11126.0,11318.5,13557.5,11392.0,17952.0,11115.0,21277.0,10886.0
HG00137,1621.5,7143.5,5443.5,6208.0,6250.5,6414.5,1763.5,5643.5,6598.0,7201.5,6744.5,4053.0,13685.0,1345.0,7175.0,6107.5,6399.5,6042.5,3924.0,11697.0,6586.0,6204.5,6491.0,6349.0,2696.0,6518.5,6465.5,7662.5,5750.5,6446.0,0.0,5782.0,6800.5,6623.5,6749.0,6146.0,6876.5,5878.0,6572.0,6667.0,7317.0,7206.0,6385.5,6972.0,7015.0,6120.5,14265.5,6406.5,6277.5,6212.0
NA20795,6674.0,10236.0,1123.5,1682.0,2853.5,12250.5,2967.5,1620.0,3036.0,2101.0,1829.5,5921.0,10856.5,9987.5,2390.5,6099.5,1356.5,1125.0,8683.0,5992.0,5988.0,5714.5,2509.5,1742.0,7569.5,1856.0,5870.5,2813.5,6081.5,11112.0,5782.0,0.0,1802.0,1793.0,3565.0,1502.0,1832.0,12843.0,2139.0,5911.0,2402.5,2160.5,2271.0,1805.5,1976.5,796.0,10808.0,1922.0,1635.5,1072.5
HG01789,5765.0,22088.0,2079.5,2944.5,2101.0,13662.5,3335.0,2087.5,10567.0,2192.5,5536.5,11851.0,8934.5,6192.0,6821.0,7011.0,2422.5,2674.0,12896.5,6953.5,1581.0,1757.0,2500.0,6701.5,8035.5,5961.0,7333.5,5147.5,14419.0,16000.5,6800.5,1802.0,0.0,2409.0,11645.5,1683.5,8611.5,13935.0,1630.0,4724.0,1490.5,4562.0,1942.0,1880.5,2082.0,1833.5,8426.0,2251.0,11662.0,5157.5
NA20762,12042.5,11618.0,2213.5,1225.0,2538.0,12147.5,2253.0,1827.0,3131.5,2631.0,1324.0,5991.5,10815.5,11006.5,2473.5,6901.0,2484.0,2436.5,8262.5,7021.5,6940.5,6433.0,1346.0,1996.0,8034.0,2487.0,7044.5,2597.0,6523.0,11594.5,6623.5,1793.0,2409.0,0.0,4001.5,1607.5,1866.0,13330.5,1871.0,5962.5,3312.0,2158.0,1861.0,943.0,1666.0,1435.0,9342.0,1525.0,2121.5,2102.0
HG00141,5809.0,12075.0,4046.5,3805.5,1505.5,13540.5,4505.0,1777.0,4700.5,4871.0,2562.0,10560.5,8632.5,7190.5,8375.5,1785.0,9141.0,3220.0,8151.0,6709.0,3308.0,2721.5,3964.0,5154.5,10091.5,3538.0,13640.5,4089.5,2376.5,17179.5,6749.0,3565.0,11645.5,4001.5,0.0,3643.0,4878.5,15274.5,5134.0,1290.0,1665.0,4522.0,4980.5,3588.0,4035.0,3353.5,7418.0,3501.0,9035.5,1319.5
NA20787,8707.5,12241.0,1736.5,1560.0,3674.0,11335.0,1979.5,1725.0,1809.5,3507.0,1543.0,6403.0,10698.5,10267.0,1897.5,5504.0,3467.5,2127.0,9798.0,7217.0,6505.0,7540.0,1845.5,1464.0,7514.0,1872.0,6077.5,2524.0,3419.0,11265.0,6146.0,1502.0,1683.5,1607.5,3643.0,0.0,1656.5,13819.0,1404.5,5918.5,1719.0,2630.5,1615.5,1812.0,2291.5,1572.0,10187.0,1361.5,1482.5,1574.0
HG01680,7909.5,11835.0,2093.5,1637.5,3577.0,12247.5,4099.5,2223.0,2346.0,3178.5,2447.0,6601.5,15655.0,15795.0,10080.0,7110.5,1993.5,2307.5,9452.0,6877.0,6489.5,5999.5,4374.0,2341.0,8424.0,3188.5,6956.5,3572.0,2967.5,12426.5,6876.5,1832.0,8611.5,1866.0,4878.5,1656.5,0.0,14841.5,2245.5,6535.0,2389.5,3498.0,2310.5,6299.5,2979.0,1657.5,10683.0,2865.5,1819.5,1466.0
HG00149,10645.0,1574.5,12854.5,13122.5,16775.0,1771.0,5957.5,12793.0,13334.0,14418.0,13087.0,5993.5,22710.5,13243.5,16870.0,17751.5,13997.0,13420.5,11011.5,6755.0,18113.5,17974.5,13648.5,13476.5,9939.0,13050.5,7274.0,14575.5,13411.5,4931.5,5878.0,12843.0,13935.0,13330.5,15274.5,13819.0,14841.5,0.0,13084.5,17926.5,13260.0,14076.5,14447.5,13750.5,13915.0,13113.5,11584.5,13048.5,14583.5,12768.0
NA20757,7866.0,11694.0,2204.0,2080.5,2794.5,12816.0,4738.0,2026.0,2176.5,2367.5,1744.0,6877.5,10763.5,10273.0,1923.5,5569.0,2375.5,2381.0,9221.0,7148.0,6463.0,6620.0,2061.0,1472.0,8131.0,2126.0,6346.5,1871.5,2557.0,11260.0,6572.0,2139.0,1630.0,1871.0,5134.0,1404.5,2245.5,13084.5,0.0,6018.0,2079.0,1887.5,1425.5,1686.0,1963.0,2177.0,10156.5,1570.0,1752.5,1922.5
HG00367,8307.0,12124.0,6106.0,3268.0,4248.0,16479.0,6678.0,2127.5,1748.0,7801.5,4675.5,6581.5,10859.0,6895.5,5494.0,2043.5,2853.5,2663.5,8490.5,7196.5,3183.0,2474.0,5972.5,2305.5,11965.5,6205.0,6000.5,5906.5,18558.0,11342.5,6667.0,5911.0,4724.0,5962.5,1290.0,5918.5,6535.0,17926.5,6018.0,0.0,4437.5,5248.5,6628.5,5765.0,6219.5,5717.5,12001.0,5664.0,1908.5,1550.5
HG03929,10700.0,16159.0,1365.5,1330.0,2877.0,12823.5,2686.0,1859.5,2924.5,3284.0,2155.5,6470.5,9248.5,9427.0,2418.5,4747.5,4828.5,2587.0,9715.5,10538.5,7904.0,4838.0,2043.0,3203.5,8712.5,2328.0,9995.0,3011.5,3067.5,13781.5,7317.0,2402.5,1490.5,3312.0,1665.0,1719.0,2389.5,13260.0,2079.0,4437.5,0.0,3090.5,5948.5,3216.5,2739.0,2428.5,7835.0,2218.5,5749.5,1406.0
HG03686,7797.5,12054.0,2150.5,1709.5,3285.0,12164.0,3572.0,2546.5,4077.0,2786.0,1456.0,7029.0,11176.0,10591.5,5599.0,6673.0,2332.5,1712.5,9034.5,6837.0,6700.5,6804.5,2878.5,2868.5,7926.5,2605.0,7261.0,2966.5,4561.0,11599.0,7206.0,2160.5,4562.0,2158.0,4522.0,2630.5,3498.0,14076.5,1887.5,5248.5,3090.5,0.0,3029.5,2354.0,2055.5,1402.5,10066.5,2537.5,2209.5,1695.0
HG03687,8015.5,11424.0,1792.0,1734.0,2807.0,11415.5,3209.0,1750.5,1791.0,3071.5,1762.5,6833.5,12166.0,10600.0,6679.5,6305.5,2327.5,2782.0,8907.5,7149.0,6257.5,6735.0,3284.5,1701.5,7900.5,1743.0,6328.5,2475.0,1826.0,11126.0,6385.5,2271.0,1942.0,1861.0,4980.5,1615.5,2310.5,14447.5,1425.5,6628.5,5948.5,3029.5,0.0,1705.0,2238.5,2091.0,13907.0,1496.0,1580.5,1879.5
HG03977,8255.5,11700.0,2674.5,1564.0,2897.5,11751.5,3160.5,2243.5,2245.5,3119.5,916.5,6500.5,10618.0,10242.0,2011.5,6559.5,2145.5,2440.5,8743.0,7119.0,6757.0,6654.0,1432.0,1841.0,8206.5,2093.5,6861.5,2685.5,2562.0,11318.5,6972.0,1805.5,1880.5,943.0,3588.0,1812.0,6299.5,13750.5,1686.0,5765.0,3216.5,2354.0,1705.0,0.0,1324.0,1592.0,11119.0,1608.0,1777.0,1581.0
NA21113,8676.0,11933.5,2346.5,1671.0,3009.0,13103.0,3629.5,2510.0,2479.5,3035.5,1855.0,6847.5,11190.0,10499.5,6792.0,6831.5,2000.5,2295.0,10525.5,6591.0,6434.0,6720.0,2258.5,1559.0,8263.0,2757.5,6484.0,4502.0,2516.0,13557.5,7015.0,1976.5,2082.0,1666.0,4035.0,2291.5,2979.0,13915.0,1963.0,6219.5,2739.0,2055.5,2238.5,1324.0,0.0,1784.0,10964.0,1907.0,1704.0,1865.5
HG03709,7049.5,10683.5,1315.5,1262.5,2642.5,12606.5,2989.0,1983.5,2954.0,3673.0,1347.0,6120.0,3356.5,10036.5,2398.5,6065.0,1491.0,1364.0,8206.0,5855.0,6005.0,5508.0,1998.0,1802.5,7307.5,2364.5,6220.0,2922.0,3277.0,11392.0,6120.5,796.0,1833.5,1435.0,3353.5,1572.0,1657.5,13113.5,2177.0,5717.5,2428.5,1402.5,2091.0,1592.0,1784.0,0.0,12538.5,1925.5,1368.5,1547.0
HG01589,10289.5,21438.0,9915.5,7523.5,11815.5,21016.0,10525.0,8059.5,9878.0,13790.5,10023.0,12535.5,17726.5,16492.5,8872.5,12635.5,9771.5,8169.5,10317.0,16755.5,15067.0,13682.0,9699.0,11995.0,17497.0,10422.5,9452.0,7481.5,18023.0,17952.0,14265.5,10808.0,8426.0,9342.0,7418.0,10187.0,10683.0,11584.5,10156.5,12001.0,7835.0,10066.5,13907.0,11119.0,10964.0,12538.5,0.0,9475.0,11829.0,8094.5
NA20866,7335.5,11494.5,1730.0,1934.0,2741.5,10873.5,2759.0,1889.0,1784.5,2458.0,2013.5,6781.0,10628.5,10590.0,6961.5,5929.5,2439.5,2728.0,8916.5,7537.5,6558.0,6713.0,1964.5,1752.5,7427.0,1462.5,6282.5,1638.0,1911.5,11115.0,6406.5,1922.0,2251.0,1525.0,3501.0,1361.5,2865.5,13048.5,1570.0,5664.0,2218.5,2537.5,1496.0,1608.0,1907.0,1925.5,9475.0,0.0,1998.0,2330.5
NA21101,5806.0,11037.0,1606.5,6452.0,6306.5,11900.0,3239.5,2101.5,5229.5,3100.0,1541.0,6870.0,10486.5,5680.0,9799.5,1744.0,11349.5,11879.5,21670.0,6334.5,5065.0,1870.5,3616.0,14125.0,11567.0,2298.5,15883.5,2804.5,1967.0,21277.0,6277.5,1635.5,11662.0,2121.5,9035.5,1482.5,1819.5,14583.5,1752.5,1908.5,5749.5,2209.5,1580.5,1777.0,1704.0,1368.5,11829.0,1998.0,0.0,20072.5
HG03786,6728.5,11064.0,1538.5,2641.5,1785.0,13781.0,2832.0,2713.0,2091.0,3454.0,1825.5,6289.0,9275.0,6105.0,2459.5,17102.0,2893.0,1335.5,8733.5,7021.5,2448.5,3206.0,2188.5,1913.5,8021.5,1691.5,8645.5,2316.0,1941.0,10886.0,6212.0,1072.5,5157.5,2102.0,1319.5,1574.0,1466.0,12768.0,1922.5,1550.5,1406.0,1695.0,1879.5,1581.0,1865.5,1547.0,8094.5,2330.5,20072.5,0.0
